0 14 23 25 32 36 37 47
14 0 10 16 17 23 25 33
23 10 0 23 13 14 26 27
25 16 23 0 19 30 13 30
32 17 13 19 0 12 16 16
36 23 14 30 12 0 28 18
37 25 26 13 16 28 0 20
47 33 27 30 16 18 20 0