0 10 16 17 23 25 33
10 0 23 13 14 26 27
16 23 0 19 30 13 30
17 13 19 0 12 16 16
23 14 30 12 0 28 18
25 26 13 16 28 0 20
33 27 30 16 18 20 0